  Group.1 votes_dem_2016 votes_gop_2016 total_votes_2016    Clinton      Trump
1       1     -0.2358388     -0.3140466       -0.2736708 -0.2278572  0.2206224
2       2      4.2330798      4.2725100        4.8715466  1.9195197 -1.8679012
   diff_2016 per_point_diff_2016 total_votes_2012 votes_dem_2012
1 -0.1872686          -0.2318468       -0.2752737     -0.2449019
2  3.1004528           1.9104892        4.6364149      4.1151487
  votes_gop_2012      Obama      Romney  diff_2012 per_point_diff_2012
1     -0.3045279 -0.1202091  0.09965408 -0.1963984          -0.1095123
2      4.3551472  1.4315307 -1.41254066  2.4500648           1.4227140
  population2014 population2010 population_change  POP010210   AGE135214
1     -0.2343346     -0.2339419        -0.1788054 -0.2339661 -0.07349868
2      3.8947393      3.9160537         1.0725109  3.9159294  0.39139539
    AGE295214   age65plus SEX255214      White      Black  RHI325214
1 -0.04127562 -0.05475159 0.2014454  0.4370128 -0.4833579 -0.2099250
2  0.12371118 -1.02350683 0.5868799 -0.9564132  0.2278230 -0.1793755
   RHI425214    RHI525214  RHI625214   Hispanic  RHI825214  POP715213
1 -0.2983276 -0.006707758 -0.1879879 -0.3876717  0.3888793  0.1300526
2  2.2906822 -0.006707758  0.3656573  0.8720245 -1.4985121 -0.3138232
   POP645213 NonEnglish Edu_highschool Edu_batchelors  VET605213   LFE305213
1 -0.3790577 -0.3718696      0.1860850     -0.2653126 -0.2954549 -0.07281462
2  2.9718480  2.0052773      0.4103279      1.9090672  3.6978403  0.78565671
   HSG010214  HSG445213  HSG096213  HSG495213  HSD410213   HSD310213
1 -0.2463318  0.1684542 -0.2957569 -0.3000712 -0.2455107 -0.09989809
2  4.1710183 -1.5022399  2.3804073  1.3640860  4.2106676  0.80670619
      Income  INC110213    Poverty BZA010213  BZA110213  BZA115213 NES010213
1 -0.1334382 -0.1570688 -0.1092247 -0.227133 -0.2259501 -0.0144180 -0.203960
2  1.7049958  0.9940813 -0.3480536  3.783189  4.0131704  0.3240868  3.614497
   SBO001207  SBO315207   SBO115207  SBO215207   SBO515207 SBO415207 SBO015207
1 -0.2126171 -0.3488612 -0.16008201 -0.3144224 -0.04603378 -0.272258 0.3904333
2  3.5713379  0.6490110  0.01464274  2.2534131 -0.04603378  1.174982 0.9082255
   MAN450207  WTN220207  RTN130207  RTN131207 AFN120207  BPS030214  LND110210
1 -0.2500649 -0.1608376 -0.2445723 -0.1050597 -0.191088 -0.2337131 -0.2620806
2  2.6497511  3.1023181  4.1857897  0.8031177  2.852689  2.7398225 -0.1753618
     Density Clinton_Obama Trump_Romney Trump_Prediction Clinton_Prediction
1 -0.1252174    0.07509822   0.02322681        0.2129972         -0.2544848
2  0.8860899    1.77705120  -1.52647154       -2.0049022          1.9632963
  Trump_Deviation Clinton_Deviation
1    -0.003406243        0.01341757
2     0.369653433       -0.60613719
